                1   -2.8163466E-32   -9.7532926E-33
                2   -4.7627213E-06   -2.1236215E-04
                3    5.0934905E-06   -2.8645693E-04
                4    2.8163466E-32   -6.0757927E-33
                5   -2.5589061E-06   -4.4584347E-05
                6   -4.3097366E-06   -8.9803645E-05
                7   -5.2573864E-06   -1.3396183E-04
                8   -5.4067496E-06   -1.7537315E-04
                9   -3.3709434E-06   -2.4328516E-04
               10   -1.4400521E-06   -2.6676609E-04
               11    7.8057292E-07   -2.8193250E-04
               12    3.0415470E-06   -2.8843692E-04
               13    6.7277674E-06   -2.7667364E-04
               14    7.8987350E-06   -2.6003583E-04
               15    8.6014988E-06   -2.3752410E-04
               16    8.8311654E-06   -2.1012922E-04
               17    8.5828387E-06   -1.7885235E-04
               18    7.8516250E-06   -1.4470497E-04
               19    6.6326279E-06   -1.0870882E-04
               20    4.9209566E-06   -7.1896022E-05
               21    2.7117112E-06   -3.5308840E-05


