                1   -9.7532930E+03    8.4761755E+02
                2   -8.7527461E+03   -3.4442178E+03
                3    4.7807500E+03   -4.4372168E+03
                4    6.0757930E+03    1.0314924E+03
                5   -9.7238438E+03    3.6142538E+02
                6   -9.6649434E+03   -6.0801404E+02
                7   -9.6060449E+03   -1.5715635E+03
                8   -9.5471455E+03   -2.5292231E+03
                9   -6.4873467E+03   -4.2062222E+03
               10   -3.4864475E+03   -4.7049121E+03
               11   -4.8554855E+02   -4.9035117E+03
               12    2.5153506E+03   -4.8020215E+03
               13    5.5751494E+03   -3.9194214E+03
               14    5.6340488E+03   -3.3589614E+03
               15    5.6929478E+03   -2.7926118E+03
               16    5.7518467E+03   -2.2203723E+03
               17    5.8107461E+03   -1.6422424E+03
               18    5.8696455E+03   -1.0582228E+03
               19    5.9285449E+03   -4.6831329E+02
               20    5.9874438E+03    1.2748592E+02
               21    6.0463433E+03    7.2917523E+02


