        1  -9753.79 -0.485491
        2  -9694.88  -975.854
        3  -9635.95  -1945.33
        4  -9577.02  -2908.92
        5  -9518.07  -3866.61
        6   -7988.1  -4842.93
        7  -4987.13  -5641.73
        8  -1986.15  -6140.44
        9   1014.83  -6339.05
       10   4015.81  -6237.57
       11   5545.78  -5811.48
       12   5604.75   -5256.9
       13   5663.71  -4696.43
       14   5722.66  -4130.06
       15   5781.61   -3557.8
       16   5840.55  -2979.65
       17   5899.48   -2395.6
       18    5958.4  -1805.66
       19   6017.31  -1209.83
       20   6076.22  -608.108
