                1   -600.00003E-06   -5.2444707E-03
                2    150.00001E-06   -5.5444706E-03
                3               0.   -5.7541020E-03
                4   -150.00001E-06   -5.5444706E-03
                5    600.00003E-06   -5.2444707E-03
                6    1.0500000E-03   -4.1655763E-03
                7   -300.00001E-06   -4.1655763E-03
                8               0.   -5.7541020E-03
                9    300.00001E-06   -4.1655763E-03
               10    1.5000000E-03   -2.2174197E-03
               11   -2.7500000E-33   -3.4999999E-33
               12   -150.00001E-06   -2.5174196E-03
               13   -1.0500000E-03   -4.1655763E-03
               14   -1.5000000E-03   -2.2174197E-03
               15    2.7500000E-33   -3.4999999E-33
               16    150.00001E-06   -2.5174196E-03


