           1            0 -0.000479459
           2 -4.77424e-05 -0.000473357
           3 -9.42663e-05   -0.0004551
           4  -0.00013836 -0.000424761
           5 -0.000178818 -0.000382414
           6 -0.000214445 -0.000328132
           7 -0.000244065 -0.000262603
           8 -0.000266695 -0.000188964
           9 -0.000281712 -0.000110968
          10 -0.000288868 -3.23636e-05
          11  -0.00028829  4.30961e-05
          12 -0.000280463  0.000112273
          13 -0.000266067  0.000174482
          14 -0.000245802  0.000229647
          15 -0.000220375  0.000277696
          16 -0.000190502  0.000318555
          17 -0.000156906  0.000352151
          18 -0.000120317  0.000378408
          19 -8.14715e-05  0.000397255
          20 -4.11152e-05  0.000408617
          21            0  0.000412421