 1
 2
 3
 4
 5
 6
 7
 8
 9
10
11
12
13
14
15
16
17
18
19
20
21
           0            0            0            0            0            0
-4.88873e-05 -0.000122877 -0.000246083  0.000154141  0.000181221  0.000151276
-0.000182828 -0.000459527 -0.000920271  0.000604426  0.000704253   0.00058903
-0.000382739 -0.000961977  -0.00192647   0.00129777   0.00153948   0.00127717
-0.000629536  -0.00158225  -0.00316858   0.00214802   0.00264335   0.00216183
-0.000904131  -0.00227237   -0.0045505   0.00306364   0.00394498   0.00316181
 -0.00118743  -0.00298435  -0.00597614   0.00396126   0.00533849   0.00419948
 -0.00146033  -0.00367017  -0.00734937   0.00478311    0.0067075   0.00520868
 -0.00170371  -0.00428182  -0.00857408   0.00549103   0.00795196   0.00611952
 -0.00189845  -0.00477127  -0.00955411   0.00606746   0.00898459   0.00687882
 -0.00202538  -0.00509046   -0.0101933   0.00649538   0.00974786     0.007455
 -0.00206999  -0.00520298   -0.0104188   0.00675702    0.0101978   0.00782132
 -0.00203642  -0.00511909   -0.0102511   0.00683883    0.0102885   0.00795699
 -0.00193342  -0.00486067  -0.00973392   0.00672453    0.0099926   0.00782965
 -0.00176975   -0.0044496    -0.008911   0.00638563   0.00932316   0.00741407
  -0.0015541  -0.00390773  -0.00782607   0.00580669   0.00830657   0.00671262
 -0.00129518  -0.00325689  -0.00652281   0.00498845   0.00698892   0.00574123
 -0.00100165   -0.0025189  -0.00504491   0.00394905   0.00543882   0.00452776
-0.000682174  -0.00171556  -0.00343604   0.00273082   0.00372022   0.00312277
 -0.00034541 -0.000868671  -0.00173985   0.00139156   0.00189128   0.00159125
           0            0            0            0            0            0