                1                1   -9.7532930E+03        847.61755
                2                1   -9.6943936E+03       -124.76680
                3                1   -9.6354941E+03   -1.0912612E+03
                4                1   -9.5765947E+03   -2.0518657E+03
                5                1   -9.5176963E+03   -3.0065803E+03
                6                1   -7.9877964E+03   -3.8818550E+03
                7                1   -4.9868970E+03   -4.5305894E+03
                8                1   -1.9859980E+03   -4.8792344E+03
                9                1    1.0149009E+03   -4.9277891E+03
               10                1    4.0158000E+03   -4.6762539E+03
               11                1    5.5456997E+03   -4.1981792E+03
               12                1    5.6045991E+03   -3.6406638E+03
               13                1    5.6634980E+03   -3.0772593E+03
               14                1    5.7223975E+03   -2.5079646E+03
               15                1    5.7812964E+03   -1.9327799E+03
               16                1    5.8401958E+03   -1.3517051E+03
               17                1    5.8990952E+03       -764.74042
               18                1    5.9579941E+03       -171.88617
               19                1    6.0168936E+03        426.85800
               20                1    6.0757930E+03    1.0314924E+03