               1               1           -250.
               2               1              0.
               3               1              0.
               4               1    -2.12132E+03
               5               1            250.
               6               1            250.
               7               1        -707.107
               8               1        -1.5E+03
               9               1         1.5E+03
              10               1        -707.107
              11               1        -1.5E+03
              12               1         1.5E+03
              13               1           -250.
              14               1              0.
              15               1              0.
              16               1    -2.12132E+03
              17               1          1.E+03


