           1            0            0            0            0            0            0            0            0            0            0            0            0            0            0            0            0            0            0            0            0            0            0            0            0            0            0            0            0            0            0            0            0            0            0            0            0            0            0            0            0            0
           0            1            0            0            0            0            0            0            0            0            0            0            0            0            0            0            0            0            0            0            0            0            0            0            0            0            0            0            0            0            0            0            0            0            0            0            0            0            0            0            0            0
           0            0     0.527384            0     0.091278  -0.00219743            0            0            0            0            0            0            0            0            0            0            0            0            0            0            0            0            0            0            0            0            0            0            0            0            0            0            0            0            0            0            0            0            0            0            0            0
           0            0            0  0.000135227   0.00219743   -5.071e-05            0            0            0            0            0            0            0            0            0            0            0            0            0            0            0            0            0            0            0            0            0            0            0            0            0            0            0            0            0            0            0            0            0            0            0            0
           0            0     0.091278   0.00219743     0.527384  6.59121e-10     0.091278  -0.00219743            0            0            0            0            0            0            0            0            0            0            0            0            0            0            0            0            0            0            0            0            0            0            0            0            0            0            0            0            0            0            0            0            0            0
           0            0  -0.00219743   -5.071e-05  6.59121e-10  0.000135227   0.00219743   -5.071e-05            0            0            0            0            0            0            0            0            0            0            0            0            0            0            0            0            0            0            0            0            0            0            0            0            0            0            0            0            0            0            0            0            0            0
           0            0            0            0     0.091278   0.00219743     0.527384 -1.31824e-09     0.091278  -0.00219743            0            0            0            0            0            0            0            0            0            0            0            0            0            0            0            0            0            0            0            0            0            0            0            0            0            0            0            0            0            0            0            0
           0            0            0            0  -0.00219743   -5.071e-05 -1.31824e-09  0.000135227   0.00219743   -5.071e-05            0            0            0            0            0            0            0            0            0            0            0            0            0            0            0            0            0            0            0            0            0            0            0            0            0            0            0            0            0            0            0            0
           0            0            0            0            0            0     0.091278   0.00219743     0.527384            0     0.091278  -0.00219743            0            0            0            0            0            0            0            0            0            0            0            0            0            0            0            0            0            0            0            0            0            0            0            0            0            0            0            0            0            0
           0            0            0            0            0            0  -0.00219743   -5.071e-05            0  0.000135227   0.00219743   -5.071e-05            0            0            0            0            0            0            0            0            0            0            0            0            0            0            0            0            0            0            0            0            0            0            0            0            0            0            0            0            0            0
           0            0            0            0            0            0            0            0     0.091278   0.00219743     0.527384  2.48959e-09     0.091278  -0.00219743            0            0            0            0            0            0            0            0            0            0            0            0            0            0            0            0            0            0            0            0            0            0            0            0            0            0            0            0
           0            0            0            0            0            0            0            0  -0.00219743   -5.071e-05  2.48959e-09  0.000135227   0.00219743   -5.071e-05            0            0            0            0            0            0            0            0            0            0            0            0            0            0            0            0            0            0            0            0            0            0            0            0            0            0            0            0
           0            0            0            0            0            0            0            0            0            0     0.091278   0.00219743     0.527384 -4.32006e-09     0.091278  -0.00219743            0            0            0            0            0            0            0            0            0            0            0            0            0            0            0            0            0            0            0            0            0            0            0            0            0            0
           0            0            0            0            0            0            0            0            0            0  -0.00219743   -5.071e-05 -4.32006e-09  0.000135227   0.00219743 -5.07099e-05            0            0            0            0            0            0            0            0            0            0            0            0            0            0            0            0            0            0            0            0            0            0            0            0            0            0
           0            0            0            0            0            0            0            0            0            0            0            0     0.091278   0.00219743     0.527384  4.32006e-09     0.091278  -0.00219743            0            0            0            0            0            0            0            0            0            0            0            0            0            0            0            0            0            0            0            0            0            0            0            0
           0            0            0            0            0            0            0            0            0            0            0            0  -0.00219743 -5.07099e-05  4.32006e-09  0.000135227   0.00219743   -5.071e-05            0            0            0            0            0            0            0            0            0            0            0            0            0            0            0            0            0            0            0            0            0            0            0            0
           0            0            0            0            0            0            0            0            0            0            0            0            0            0     0.091278   0.00219743     0.527384            0     0.091278  -0.00219743            0            0            0            0            0            0            0            0            0            0            0            0            0            0            0            0            0            0            0            0            0            0
           0            0            0            0            0            0            0            0            0            0            0            0            0            0  -0.00219743   -5.071e-05            0  0.000135227   0.00219743   -5.071e-05            0            0            0            0            0            0            0            0            0            0            0            0            0            0            0            0            0            0            0            0            0            0
           0            0            0            0            0            0            0            0            0            0            0            0            0            0            0            0     0.091278   0.00219743     0.527384 -4.32006e-09     0.091278  -0.00219743            0            0            0            0            0            0            0            0            0            0            0            0            0            0            0            0            0            0            0            0
           0            0            0            0            0            0            0            0            0            0            0            0            0            0            0            0  -0.00219743   -5.071e-05 -4.32006e-09  0.000135227   0.00219743 -5.07099e-05            0            0            0            0            0            0            0            0            0            0            0            0            0            0            0            0            0            0            0            0
           0            0            0            0            0            0            0            0            0            0            0            0            0            0            0            0            0            0     0.091278   0.00219743     0.527384  4.32006e-09     0.091278  -0.00219743            0            0            0            0            0            0            0            0            0            0            0            0            0            0            0            0            0            0
           0            0            0            0            0            0            0            0            0            0            0            0            0            0            0            0            0            0  -0.00219743 -5.07099e-05  4.32006e-09  0.000135227   0.00219743   -5.071e-05            0            0            0            0            0            0            0            0            0            0            0            0            0            0            0            0            0            0
           0            0            0            0            0            0            0            0            0            0            0            0            0            0            0            0            0            0            0            0     0.091278   0.00219743     0.527384            0     0.091278  -0.00219743            0            0            0            0            0            0            0            0            0            0            0            0            0            0            0            0
           0            0            0            0            0            0            0            0            0            0            0            0            0            0            0            0            0            0            0            0  -0.00219743   -5.071e-05            0  0.000135227   0.00219743   -5.071e-05            0            0            0            0            0            0            0            0            0            0            0            0            0            0            0            0
           0            0            0            0            0            0            0            0            0            0            0            0            0            0            0            0            0            0            0            0            0            0     0.091278   0.00219743     0.527384            0     0.091278  -0.00219743            0            0            0            0            0            0            0            0            0            0            0            0            0            0
           0            0            0            0            0            0            0            0            0            0            0            0            0            0            0            0            0            0            0            0            0            0  -0.00219743   -5.071e-05            0  0.000135227   0.00219743   -5.071e-05            0            0            0            0            0            0            0            0            0            0            0            0            0            0
           0            0            0            0            0            0            0            0            0            0            0            0            0            0            0            0            0            0            0            0            0            0            0            0     0.091278   0.00219743     0.527384 -9.29923e-09    0.0912779  -0.00219743            0            0            0            0            0            0            0            0            0            0            0            0
           0            0            0            0            0            0            0            0            0            0            0            0            0            0            0            0            0            0            0            0            0            0            0            0  -0.00219743   -5.071e-05 -9.29923e-09  0.000135227   0.00219743 -5.07099e-05            0            0            0            0            0            0            0            0            0            0            0            0
           0            0            0            0            0            0            0            0            0            0            0            0            0            0            0            0            0            0            0            0            0            0            0            0            0            0    0.0912779   0.00219743     0.527384  9.29923e-09     0.091278  -0.00219743            0            0            0            0            0            0            0            0            0            0
           0            0            0            0            0            0            0            0            0            0            0            0            0            0            0            0            0            0            0            0            0            0            0            0            0            0  -0.00219743 -5.07099e-05  9.29923e-09  0.000135227   0.00219743   -5.071e-05            0            0            0            0            0            0            0            0            0            0
           0            0            0            0            0            0            0            0            0            0            0            0            0            0            0            0            0            0            0            0            0            0            0            0            0            0            0            0     0.091278   0.00219743     0.527384            0     0.091278  -0.00219743            0            0            0            0            0            0            0            0
           0            0            0            0            0            0            0            0            0            0            0            0            0            0            0            0            0            0            0            0            0            0            0            0            0            0            0            0  -0.00219743   -5.071e-05            0  0.000135227   0.00219743   -5.071e-05            0            0            0            0            0            0            0            0
           0            0            0            0            0            0            0            0            0            0            0            0            0            0            0            0            0            0            0            0            0            0            0            0            0            0            0            0            0            0     0.091278   0.00219743     0.527384            0     0.091278  -0.00219743            0            0            0            0            0            0
           0            0            0            0            0            0            0            0            0            0            0            0            0            0            0            0            0            0            0            0            0            0            0            0            0            0            0            0            0            0  -0.00219743   -5.071e-05            0  0.000135227   0.00219743   -5.071e-05            0            0            0            0            0            0
           0            0            0            0            0            0            0            0            0            0            0            0            0            0            0            0            0            0            0            0            0            0            0            0            0            0            0            0            0            0            0            0     0.091278   0.00219743     0.527384            0     0.091278  -0.00219743            0            0            0            0
           0            0            0            0            0            0            0            0            0            0            0            0            0            0            0            0            0            0            0            0            0            0            0            0            0            0            0            0            0            0            0            0  -0.00219743   -5.071e-05            0  0.000135227   0.00219743   -5.071e-05            0            0            0            0
           0            0            0            0            0            0            0            0            0            0            0            0            0            0            0            0            0            0            0            0            0            0            0            0            0            0            0            0            0            0            0            0            0            0     0.091278   0.00219743     0.527384 -9.29923e-09    0.0912779  -0.00219743            0            0
           0            0            0            0            0            0            0            0            0            0            0            0            0            0            0            0            0            0            0            0            0            0            0            0            0            0            0            0            0            0            0            0            0            0  -0.00219743   -5.071e-05 -9.29923e-09  0.000135227   0.00219743 -5.07099e-05            0            0
           0            0            0            0            0            0            0            0            0            0            0            0            0            0            0            0            0            0            0            0            0            0            0            0            0            0            0            0            0            0            0            0            0            0            0            0    0.0912779   0.00219743     0.527384  9.29923e-09            0  -0.00219743
           0            0            0            0            0            0            0            0            0            0            0            0            0            0            0            0            0            0            0            0            0            0            0            0            0            0            0            0            0            0            0            0            0            0            0            0  -0.00219743 -5.07099e-05  9.29923e-09  0.000135227            0   -5.071e-05
           0            0            0            0            0            0            0            0            0            0            0            0            0            0            0            0            0            0            0            0            0            0            0            0            0            0            0            0            0            0            0            0            0            0            0            0            0            0            0            0            1            0
           0            0            0            0            0            0            0            0            0            0            0            0            0            0            0            0            0            0            0            0            0            0            0            0            0            0            0            0            0            0            0            0            0            0            0            0            0            0  -0.00219743   -5.071e-05            0  6.76134e-05
