           0            0            0            0            0            0
           0            0            0            0            0            0
           0  0.000331928 -9.56705e-06 -1.66298e-05  0.000161731            0
           0  0.000989602 -4.12414e-06 -3.63923e-05  0.000435012            0
           0   0.00194708  4.96975e-05 -4.22888e-05  0.000764034            0
           0   0.00316085  0.000192008 -1.54186e-05   0.00109105            0
           0   0.00457301  0.000466961  6.34913e-05   0.00136013            0
           0   0.00611507  0.000919565  0.000212713   0.00152073            0
           0   0.00771237   0.00159221  0.000448369   0.00153097            0
           0   0.00928865   0.00252109  0.000783548   0.00136041            0
           0    0.0107706   0.00373284   0.00122771  0.000992187            0
           0    0.0120922   0.00524148   0.00178636  0.000424416            0
           0    0.0131982   0.00704602   0.00246103 -0.000329197            0
           0    0.0140473   0.00912876   0.00324938  -0.00123957            0
           0    0.0146144    0.0114546   0.00414564  -0.00226325            0
           0    0.0148911    0.0139713   0.00514097  -0.00334421            0
           0    0.0148861    0.0166106   0.00622408   -0.0044163            0
           0    0.0146241    0.0192907   0.00738173  -0.00540628            0
           0    0.0141435    0.0219193   0.00859924  -0.00623721            0
           0    0.0134938    0.0243978   0.00986099  -0.00683223            0
           0     0.012732    0.0266253    0.0111507  -0.00711836            0
           0    0.0119186    0.0285039    0.0124519  -0.00703028            0
           0    0.0111133    0.0299435    0.0137479  -0.00651385            0
           0     0.010371    0.0308667    0.0150218  -0.00552933            0
