           1            0            0            0            0            0            0            0            0            0            0            0            0            0            0            0            0            0            0            0            0            0            0            0            0            0
           0            1 -1.06252e-17 -8.88178e-16  1.21431e-17  3.33067e-16  3.68629e-18    6.245e-16  1.51788e-18 -3.81639e-16  5.42101e-20  1.24033e-16  7.45389e-20  1.30104e-18 -5.42101e-20  6.83047e-18  1.94818e-20  1.16552e-18  5.92923e-21  1.28749e-19 -1.34996e-21  3.55754e-19  4.10282e-22  -5.0822e-20            0 -1.94818e-20
           0 -2.66454e-15            1            0  3.90313e-18            0  1.38778e-17  8.88178e-16  3.46945e-18            0            0            0  4.33681e-19            0            0            0  2.71051e-20            0  6.77626e-21            0            0            0            0            0            0  2.71051e-20
           0 -2.77556e-17 -1.12757e-17            1  1.43386e-17  -1.9984e-15 -4.33681e-18  1.66533e-16  -1.0842e-17  1.31839e-15  -1.6263e-19 -1.42247e-16 -2.00577e-18 -1.29237e-16  4.91279e-19 -2.49366e-17 -2.24464e-19 -4.33681e-19 -4.65868e-21  7.39968e-18  5.29396e-22  8.87691e-19 -1.00585e-21  3.04932e-19            0  -2.5411e-21
           0 -6.66134e-16  4.16334e-17            0            1 -8.88178e-16  1.10318e-17            0            0  8.88178e-16            0            0            0            0            0            0            0            0            0            0            0            0            0            0            0            0
           0  1.59595e-16  6.50521e-19            0  7.37257e-18            1 -1.57887e-17  7.77156e-16  7.15573e-17            0  1.88651e-17 -8.32667e-16   3.7405e-18  2.25514e-16  4.06576e-20 -2.25514e-17 -1.11808e-19 -9.75782e-18 -8.55503e-20  8.13152e-18  -2.6258e-20   2.1413e-18  1.48231e-20 -5.96311e-19            0 -2.47334e-19
           0 -5.55112e-17 -1.73472e-18  4.44089e-16 -1.04083e-17  8.88178e-16            1 -8.88178e-16  1.98883e-18            0            0            0            0            0            0            0            0  2.77556e-17            0            0 -2.71051e-20            0            0            0            0            0
           0 -5.55112e-17  -2.1684e-19  4.85723e-17 -1.30104e-18 -1.94289e-16  1.34441e-17            1 -3.34995e-17 -2.22045e-16  3.07913e-17  3.33067e-16 -1.51788e-18  3.05311e-16 -1.09504e-17  1.14492e-16  8.67362e-19 -2.60209e-17 -4.40457e-20 -3.70797e-17 -1.56701e-19  5.09575e-18  4.27752e-20  2.98156e-19            0  3.21195e-18
           0  4.16334e-17 -8.67362e-19  1.11022e-16 -6.93889e-18  1.11022e-16  1.73472e-17 -8.88178e-16            1            0 -6.90522e-18            0            0            0            0            0            0            0            0            0            0            0            0            0            0            0
           0 -9.54098e-18  1.35525e-20            0  -1.0842e-19  6.59195e-17 -2.38524e-18  9.71445e-17  1.12757e-17            1  1.09375e-17 -2.22045e-16 -1.92121e-16 -5.55112e-17  2.08167e-17 -1.20737e-15  6.28837e-18 -9.81853e-16  8.26704e-19 -1.10155e-16  3.25261e-19 -3.70797e-17  8.47033e-20 -9.97466e-18            0 -3.79471e-18
           0 -1.73472e-17   2.1684e-19  2.77556e-17            0  8.32667e-17 -5.20417e-18  9.99201e-16 -2.42861e-17  4.44089e-16            1  1.77636e-15 -1.18813e-17            0  1.38778e-17            0            0            0            0            0            0            0            0 -6.93889e-18            0            0
           0  2.38524e-18 -1.28749e-19 -6.50521e-18 -2.84603e-19 -1.73472e-17 -4.87891e-19 -6.93889e-18 -1.30104e-18 -3.19189e-16 -7.37257e-18            1  6.12556e-17 -3.33067e-16  3.38271e-17 -7.77156e-16  1.19262e-17 -3.19189e-16  5.58364e-18 -3.98986e-16  1.01644e-18 -3.72966e-17  5.69206e-19  2.55872e-17            0 -1.23599e-17
           0  6.93889e-18  2.71051e-20            0 -4.33681e-19  6.93889e-18 -4.33681e-19  5.55112e-17  3.46945e-18 -2.22045e-16  2.08167e-17  8.88178e-16            1  8.88178e-16 -1.04988e-17            0            0  8.88178e-16            0            0            0            0            0            0            0            0
           0 -5.42101e-19  -5.0822e-21  -1.6263e-18 -3.38813e-20 -5.42101e-18 -9.48677e-20 -2.60209e-17 -1.24683e-18  5.20417e-17 -2.60209e-18  1.66533e-16 -4.33681e-18            1  1.12693e-17 -6.66134e-16 -7.02563e-17 -1.16573e-15  1.73472e-18    3.747e-16  2.49366e-18 -4.85723e-16 -2.79182e-18  1.09288e-16            0  2.60209e-18
           0  2.60209e-18            0  8.67362e-19   2.1684e-19  1.56125e-17 -8.67362e-19 -4.85723e-17  3.46945e-18 -2.77556e-17 -5.20417e-18 -1.11022e-16 -1.38778e-17  4.44089e-16            1  8.88178e-16  1.01407e-17            0            0            0            0            0            0            0            0            0
           0 -4.33681e-19  5.92923e-21  1.35525e-19 -1.18585e-20 -1.30104e-18  -7.7927e-20  -2.1684e-19 -2.71051e-20 -1.64799e-17  -1.6263e-19 -1.59595e-16 -1.51788e-18  8.32667e-17 -7.37257e-18            1  4.80599e-17 -1.33227e-15 -7.71952e-17  1.33227e-15  9.54098e-18  5.13478e-16 -4.93312e-18  5.41234e-16            0   3.1225e-16
           0  -1.0842e-18  1.69407e-21  4.33681e-19 -1.35525e-20  1.73472e-18 -2.71051e-20  1.73472e-18            0   -6.245e-17  4.33681e-19 -1.11022e-16 -1.73472e-18  4.44089e-16 -1.04083e-17 -1.33227e-15            1  8.88178e-16 -1.12215e-17            0            0            0            0            0            0            0
           0  1.66018e-19 -1.16467e-21  2.03288e-20   2.5411e-21 -8.13152e-20  2.79521e-20  -2.1684e-19  9.82558e-20  1.04083e-17  2.30393e-19  1.04083e-17  2.27682e-18  2.08167e-17  2.38524e-18  4.16334e-17  1.04083e-17            1 -7.89604e-18 -1.22125e-15  -4.0766e-17  1.11022e-16 -3.03577e-18  1.48492e-15            0 -2.77556e-17
           0  5.42101e-20 -4.23516e-21 -5.42101e-20 -6.77626e-21            0 -1.35525e-20 -1.73472e-18  2.71051e-20 -1.73472e-18  3.25261e-19  1.38778e-17  5.63785e-18 -8.32667e-17  1.73472e-18 -1.11022e-16   3.1225e-17  1.33227e-15            1            0  1.38778e-17 -3.55271e-15            0            0            0            0
           0 -2.37169e-20  4.76456e-22  4.91279e-20  4.23516e-22  2.30393e-19  4.23516e-22  7.04731e-19   2.5411e-21  -1.6263e-18  3.38813e-20  6.28837e-18 -6.77626e-20  3.38271e-17  1.89735e-18  5.89806e-17  6.50521e-19  1.52656e-16  3.46945e-18            1 -7.60297e-18 -3.33067e-16  1.12323e-16  4.44089e-16            0 -1.38778e-16
           0 -1.35525e-20  2.11758e-22 -1.35525e-20   2.5411e-21  4.87891e-19 -3.38813e-21            0  4.06576e-20 -2.60209e-18  5.42101e-20  1.73472e-18   2.1684e-19  6.93889e-17  1.30104e-18  2.77556e-17  6.93889e-18  4.44089e-16 -3.46945e-17  4.44089e-16            1            0  6.93889e-18            0            0            0
           0   1.2282e-20  1.12497e-22  9.31736e-21  3.44107e-22 -1.69407e-20  5.29396e-22 -1.01644e-19  -2.5411e-21  3.79471e-19            0 -9.75782e-19 -1.35525e-20 -8.67362e-18 -3.25261e-19 -7.80626e-18  6.50521e-19  -3.1225e-17  6.50521e-18    1.249e-16  1.30104e-17            1  -5.1608e-17  3.33067e-16            0  3.33067e-16
           0  3.38813e-21  1.05879e-22  6.77626e-21            0 -2.71051e-20 -1.69407e-21  -1.0842e-19 -6.77626e-21  8.67362e-19  2.71051e-20 -3.46945e-18            0 -3.46945e-18            0 -2.77556e-17            0            0  3.46945e-18            0 -6.93889e-18  8.88178e-16            1            0            0            0
           0 -6.35275e-22  6.61744e-24 -8.47033e-22  6.61744e-23  1.60936e-20 -5.29396e-23  3.38813e-20  1.90582e-21  5.42101e-20  1.69407e-21  5.96311e-19 -1.69407e-21  1.30104e-18  8.80914e-20  3.90313e-18  3.52366e-19  1.56125e-17  4.33681e-19  4.85723e-17  8.67362e-19  1.11022e-16            0            1            0  2.22045e-16
           0            0            0            0            0            0            0            0            0            0            0            0            0            0            0            0            0            0            0            0            0            0            0            0            1            0
           0  6.35275e-22            0  4.23516e-22 -2.64698e-23 -1.69407e-21 -5.29396e-23 -6.77626e-21            0            0            0            0            0            0 -1.35525e-20 -8.67362e-19  -1.0842e-19 -3.46945e-18  -2.1684e-19            0            0            0 -1.73472e-18            0            0            1
