*Node
      1,          18.,           0.
      2,          24.,           0.
      3,          24.,           6.
      4,          18.,           6.
      5,          12.,           0.
      6,           6.,           0.
      7,          12.,           6.
      8,           6.,           6.
      9,           0.,           0.
     10,           0.,           6.
*Element
1, 1, 2
2, 2, 3
3, 3, 4
4, 4, 2
5, 5, 1
6, 6, 5
7, 6, 7
8, 4, 7
9, 1, 4
10, 7, 1
11, 7, 8
12, 8, 6
13, 9, 6
14, 10, 9
15, 8, 10
16, 9, 8
17, 7, 5
*Constraints
1, 1, 1
8, 1, 1
*Forces
0, 0., -1000.
4, 0., -1000.
5, 0., -1000.
*End