
                1   -10.317102E-36
                2    159.84004E-06
                3    218.76770E-06
                4    41.176181E-36
                5    33.991390E-06
                6    68.305126E-06
                7    101.55158E-06
                8    132.44322E-06
                9    182.78757E-06
               10    200.54521E-06
               11    212.60371E-06
               12    218.69114E-06
               13    213.01051E-06
               14    201.79033E-06
               15    185.64255E-06
               16    165.23508E-06
               17    141.33618E-06
               18    114.78446E-06
               19    86.463071E-06
               20    57.279616E-06
               21    28.151906E-06


