                1        -24.5E+03
                2         24.5E+03
                3         73.5E+03
                4        -24.5E+03
                5        -24.5E+03
                6        -24.5E+03
                7        -24.5E+03
                8        -24.5E+03
                9        -24.5E+03
               10        -24.5E+03
               11        -24.5E+03
               12        -24.5E+03
               13        -24.5E+03
               14        -24.5E+03
               15        -24.5E+03
               16        -24.5E+03
               17        -24.5E+03
               18         73.5E+03
               19         73.5E+03
               20         73.5E+03
               21         73.5E+03

