                1    6.8906245E+03
                2   -29.859375E+03
                3     6.890625E+03
                4     4.440625E+03
                5    1.9906248E+03
                6       -459.37531
                7    -2.909375E+03
                8    -5.359375E+03
                9   -7.8093760E+03
               10   -10.259375E+03
               11   -12.709375E+03
               12   -15.159374E+03
               13   -17.609375E+03
               14   -20.059375E+03
               15   -22.509377E+03
               16   -24.959371E+03
               17   -27.409375E+03
               18   -22.509373E+03
               19   -15.159371E+03
               20   -7.8093784E+03
               21       -459.37653

