                1   -24.500000E-33
                2   -1.1553024E-03
                3   -73.500000E-33
                4   -152.65618E-06
                5   -313.08137E-06
                6   -476.98920E-06
                7   -640.09329E-06
                8   -798.10742E-06
                9   -946.74516E-06
               10   -1.0817202E-03
               11   -1.1987461E-03
               12   -1.2935367E-03
               13   -1.3618057E-03
               14   -1.3992665E-03
               15   -1.4016329E-03
               16   -1.3646185E-03
               17   -1.2839371E-03
               18   -977.28532E-06
               19   -759.88745E-06
               20   -515.96819E-06
               21   -258.38593E-06

